%cart_EKF_meas.m
% 
%  This script generates radar measurement data vectors for use in
%  extended Kalman filtering to estimate the cart state.
%
%

%
   thist = [1:100]'*.02;
   zhist = [  2.10341235116131   1.62272481911532;...
              2.23501974220749   1.71203675206625;...
              2.35632092321360   1.77999097208188;...
              2.46961661754936   1.83576144402052;...
              2.58987052313943   1.86709112343787;...
              2.67809238802599   1.86979304293065;...
              2.73745838719033   1.83964167187854;...
              2.76472270020937   1.78966717036903;...
              2.77980498288204   1.74242506636782;...
              2.77794731993234   1.69244777127589;...
              2.77237962661547   1.63362215858580;...
              2.75098032786929   1.55202977205382;...
              2.70560342853118   1.46563021410938;...
              2.63843207261589   1.36792165248721;...
              2.55519035667124   1.28292861863368;...
              2.46780897592997   1.21647428024220;...
              2.37035994633350   1.17345326228854;...
              2.27532798199404   1.16436984388474;...
              2.19343400030287   1.20409057138971;...
              2.14984966680686   1.27845810054550;...
              2.14441714857633   1.37101009146840;...
              2.16764766155077   1.47294447922211;...
              2.21261505338521   1.56500054437213;...
              2.27003876610164   1.66713879477596;...
              2.34710925331742   1.76229762509027;...
              2.43263976481810   1.86875850496489;...
              2.53036316217335   1.98228324184313;...
              2.64300179651746   2.11097611609838;...
              2.76238050652826   2.24674833377023;...
              2.87148255367062   2.39200692948026;...
              2.96314996443832   2.53514335215860;...
              3.04311965381148   2.66462542281941;...
              3.09934959909055   2.79577302329298;...
              3.15670546889469   2.92566536305133;...
              3.22176268595348   3.06554667114368;...
              3.29541156969098   3.20893652898593;...
              3.37349357068905   3.35866574914810;...
              3.47028401920538   3.51288764521968;...
              3.57828886818426   3.68895604851651;...
              3.68700272781362   3.85211722455803;...
              3.77475074519226   3.99584204675739;...
              3.84210729012822   4.13299437969716;...
              3.89804180480447   4.25516480497250;...
              3.94132208461589   4.35853835349337;...
              3.97704024188407   4.44386663305796;...
              3.99978583072897   4.52394170591778;...
              4.01267926948934   4.60451128889911;...
              4.03951286208939   4.68277614830800;...
              4.08480506263984   4.78063631935375;...
              4.15115313896927   4.88469483422449;...
              4.24503379960358   5.01022531129858;...
              4.36378048635068   5.14649371359656;...
              4.50368629584816   5.29837869690538;...
              4.64486483531207   5.44165904802532;...
              4.79417899345046   5.58333691827073;...
              4.95260741983661   5.72018585823871;...
              5.10444876150031   5.83871471381796;...
              5.23406653946216   5.93562455113259;...
              5.34833716478313   6.00851062154447;...
              5.44816847312128   6.06321615098739;...
              5.51989215851876   6.08457954199336;...
              5.55541211537622   6.07327013466322;...
              5.56046276471733   6.02894430511323;...
              5.53616919613168   5.95364880248775;...
              5.47297201813736   5.83558314194639;...
              5.36712192116308   5.69051902313315;...
              5.25676341210385   5.54516342334701;...
              5.14810819674279   5.40727593689831;...
              5.03572518386045   5.28205155112748;...
              4.91819730184943   5.15927301331501;...
              4.79741833748928   5.03035000641404;...
              4.66438478845186   4.89990704585468;...
              4.52354911781717   4.77408170809972;...
              4.38893936041592   4.67152602266280;...
              4.26159035428923   4.60009602634924;...
              4.17978907456680   4.61032654786935;...
              4.18872625676053   4.70881650915935;...
              4.28621858662148   4.87452887140301;...
              4.42164714973112   5.06162883709081;...
              4.58649458098061   5.25284796898499;...
              4.78077840151692   5.44812628277198;...
              4.97359413621784   5.63322528442203;...
              5.14582723695640   5.78002236681195;...
              5.29434715705813   5.89738444706729;...
              5.42828078710378   5.98879592575807;...
              5.52748099748036   6.04161831525485;...
              5.58997696174333   6.04874764662656;...
              5.61230633184967   6.01066325294967;...
              5.59957214134121   5.95537969896970;...
              5.57023584213905   5.89026542906493;...
              5.53446534887747   5.82985500543173;...
              5.49644905793629   5.76794286300083;...
              5.45702816098680   5.69868042193029;...
              5.40341412261727   5.62576396260016;...
              5.34892848520851   5.55376262616049;...
              5.28857940707872   5.47992058387137;...
              5.23013030269140   5.39864240561720;...
              5.15593337337493   5.30836613127527;...
              5.08981087306999   5.22865656409415;...
              5.02233298969455   5.14717473118348];