% kf_example03b.m
%  
%  This Matlab script loads into your work space the problem matrices
%  and data for the linear Kalman filter problem of an assignment.
%
   Fk     = [   1,     2,    2;...
                0,     1,    2;...
                0,     0,    1];                         % for all k
   Gammak = [  0.53333333333333,  1.33333333333333;...
               0.40000000000000,  2.00000000000000;...
               0.20000000000000,  2.00000000000000];     % for all k
   Hk     = [  0.5,  1.0,  0.5];                         % for all k
%
   Qk     = [ 100,  -20;...
              -20,   30];                                % for all k
   Rk     =    1.e-16;                                   % for all k
%
   xhat0   = [ 1300;...
                 15;...
                -10];
   P0      = [  20,    4,  -10;...
                 4,   30,   -3;...
               -10,   -3,   10];
%
%  Note that the following arrays define the sample times 
%  [t(1);t(2);t(3);...;t(50)] and the measurements 
%  [z(1);z(2);z(3);...;z(50)]
%
   thist = [1:50]'*2;
   zhist = 1.0e+004*[ 0.06432243329708;...
                      0.06167220968024;...
                      0.05985451691999;...
                      0.05969094769552;...
                      0.06346296076205;...
                      0.06898912362908;...
                      0.07209433409732;...
                      0.07173564150592;...
                      0.06579105835682;...
                      0.05504010447852;...
                      0.04125868622343;...
                      0.02505865176978;...
                      0.00325813582265;...
                     -0.02721186163848;...
                     -0.06375080724296;...
                     -0.10669874830112;...
                     -0.15503611208680;...
                     -0.21090618595400;...
                     -0.27653455927902;...
                     -0.35182059569426;...
                     -0.43488511559986;...
                     -0.52501901584058;...
                     -0.61692438607630;...
                     -0.70836152227372;...
                     -0.80215005736495;...
                     -0.89769468962980;...
                     -0.99125908046904;...
                     -1.08506638350318;...
                     -1.18266992661557;...
                     -1.28287862303201;...
                     -1.38494341252490;...
                     -1.48480810035266;...
                     -1.58144711112657;...
                     -1.67364105916584;...
                     -1.75884089828604;...
                     -1.83511104289919;...
                     -1.90225417695869;...
                     -1.96044512838081;...
                     -2.00832267299836;...
                     -2.04684711195807;...
                     -2.07395946252998;...
                     -2.08918463298945;...
                     -2.09225037460515;...
                     -2.08672560090239;...
                     -2.07173327002303;...
                     -2.05132287281653;...
                     -2.02982284519390;...
                     -2.00678611229924;...
                     -1.97940041835466;...
                     -1.94538262657313];
