% kf_example02a.m
%  
%  This Matlab script loads into your work space the problem matrices
%  and data for the linear Kalman filter example that was presented
%  in class.
%
   Fk     = [  0.81671934103521,  0.08791146849849;...
              -3.47061412053765,  0.70624978972000];     % for all k
   Gammak = [  0.00464254201630;...
               0.08791146849849];                        % for all k
   Hk     = [  2.00000000000000,  0.30000000000000];     % for all k
%
   Qk     =    4.00000000000000;                         % for all k
   Rk     =    0.01000000000000;                         % for all k
%
   xhat0   = [  0.20000000000000;...
               -2.50000000000000];
   P0      = [  0.25000000000000,  0.08000000000000;...
                0.08000000000000,  0.50000000000000];
%
%  Note that the following arrays define the sample times 
%  [t(1);t(2);t(3);...;t(50)] and the measurements 
%  [z(1);z(2);z(3);...;z(50)]
%
   thist = [1:50]'*0.1;
   zhist = [ 0.02383298309203;...
            -0.55591871168948;...
            -1.05935554290722;...
            -1.05529425028104;...
            -0.86149732254798;...
            -0.10153299850194;...
             0.36112529464643;...
             0.47786634115705;...
             0.72730823010582;...
             0.50597241493797;...
            -0.02057573361945;...
            -0.44873539842113;...
            -0.51293100671582;...
            -0.65184345825239;...
            -0.27976513417064;...
             0.09183728563585;...
             0.40613559791209;...
             0.43307417548765;...
             0.39679982527473;...
             0.11036162610711;...
             0.13608657926764;...
            -0.33221223086189;...
            -0.29790205778345;...
            -0.50880744085323;...
            -0.25596957311883;...
            -0.05786066411919;...
             0.15144702629632;...
             0.44845974568964;...
             0.10207026293313;...
             0.06484704622975;...
            -0.04907110090192;...
            -0.02382173652265;...
            -0.37121894597765;...
            -0.00685278521870;...
            -0.19686991471942;...
            -0.02197647224176;...
            -0.08916514718846;...
             0.02493051953437;...
             0.03022543201266;...
             0.04419632763754;...
             0.23111899111050;...
            -0.20046198967624;...
            -0.08463913963613;...
            -0.08615677186849;...
             0.09083225494890;...
             0.27010162319482;...
             0.34742425008547;...
             0.21959817362201;...
             0.04332495522355;...
            -0.03274085377068];
